0.2
0.188
0.172
0.215
0.186
0.227
0.232
0.254
0.247
0.256
0.269
0.269
0.284
0.304
0.314
0.317
0.333
0.341
0.332
0.37
0.371
0.355
0.381
0.381
0.388
0.365
0.405
0.397
0.372
0.43
0.415
0.419
0.418
0.406
0.388
0.419
0.389
0.475
0.397
0.427
0.444
0.386
0.441
0.45
0.449
0.451
0.437
0.395
0.394
0.42
0.386
0.395
0.399
0.409
0.405
0.414
0.411
0.378
0.413
0.42
0.375
0.389
0.367
0.415
0.378
0.372
0.387
0.346
0.349
0.388
0.358
0.363
0.354
0.362
0.375
0.347
0.32
0.345
0.328
0.335
0.336
0.347
0.306
0.326
0.286
0.292
0.29
0.289
0.303
0.308
0.268
0.293
0.274
0.286
0.263
0.295
0.271
0.265
0.296
0.237
0.262
0.259
0.269
0.267
0.251
0.259
0.245
0.239
0.217
0.245
0.21
0.26
0.236
0.22
0.226
0.21
0.237
0.218
0.199
0.213
0.231
0.244
0.218
0.207
0.203
0.233
0.194
0.192
0.221
0.207
0.2
0.181
0.193
0.175
0.193
0.184
0.183
0.185
0.197
0.182
0.165
0.156
0.195
0.17
0.157
0.126
0.16
0.148
0.147
0.147
0.143
0.154
0.149
0.171
0.121
0.135
0.154
0.142
0.13
0.13
0.135
0.124
0.144
0.142
0.131
0.113
0.127
0.105
0.125
0.106
0.123
0.134
0.114
0.123
0.113
0.123
0.101
0.123
0.109
0.111
0.117
0.123
0.103
0.133
0.098
0.102
0.108
0.089
0.096
0.096
0.111
0.105
0.108
0.101
0.101
0.089
0.095
0.072
0.085
0.1
0.079
0.079
0.084
0.102
0.087
0.077
0.096
0.066
0.083
0.087
0.093
0.098
0.096
0.096
0.074
0.082
0.084
0.098
0.083
0.078
0.069
0.077
0.068
0.091
0.082
0.065
0.056
0.076
0.082
0.072
0.081
0.084
0.061
0.071
0.069
0.064
0.061
0.063
0.057
0.06
0.064
0.069
0.053
0.058
0.049
0.043
0.055
0.054
0.051
0.047
0.063
0.039
0.045
0.044
0.036
0.039
0.06
0.054
0.039
0.056
0.052
0.058
0.033
0.051
0.053
0.048
0.036
0.047
0.039
0.049
0.037
0.041
0.049
0.052
0.051
0.04
0.059
0.034
0.054
0.045
0.045
0.05
0.043
0.039
0.046
0.052
0.049
0.033
0.04
0.051
0.039
0.036
0.034
0.032
0.045
0.035
0.045
0.051
0.048
0.031
0.039
0.038
0.047
0.042
0.037
0.04
0.039
0.033
0.039
0.046
0.042
0.059
0.049
0.047
0.046
0.043
0.036
0.044
0.034
0.041
0.038
0.05
0.042
0.044
0.046
0.038
0.037
0.05
0.027
0.04
0.052
0.042
0.047
0.021
0.033
0.047
0.032
0.037
0.044
0.037
0.028
0.04
0.032
0.036
0.041
0.039
0.039
0.042
0.025
0.044
0.02
0.036
0.04
0.027
0.024
0.027
0.033
0.027
0.037
0.032
0.038
0.028
0.034
0.031
0.039
0.024
0.042
0.025
0.025
0.029
0.02
0.029
0.025
0.034
0.029
0.032
0.019
0.018
0.025
0.026
0.025
0.023
0.031
0.042
0.021
0.029
0.03
0.023
0.025
0.016
0.024
0.027
0.023
0.036
0.03
0.027
0.031
0.027
0.027
0.036
0.033
0.031
0.033
0.028
0.041
0.023
0.035
0.018
0.028
0.034
0.03
0.034
0.033
0.032
0.032
0.022
0.033
0.03
0.028
0.034
0.03
0.022
0.039
0.031
0.027
0.025
0.027
0.026
0.021
0.023
0.029
0.018
0.028
0.027
0.026
0.02
0.03
0.02
0.033
0.024
0.02
0.015
0.021
0.013
0.017
0.021
0.014
0.02
0.022
0.024
0.016
0.013
0.021
0.024
0.02
0.017
0.02
0.01
0.017
0.011
0.024
0.019
0.022
0.015
0.016
0.02
0.016
0.016
0.014
0.013
0.017
0.014
0.025
0.021
0.017
0.016
0.013
0.011
0.023
0.015
0.009
0.016
0.019
0.012
0.016
0.019
0.018
0.023
0.015
0.016
0.015
0.018
0.013
0.017
0.008
0.019
0.012
0.02
0.018
0.013
0.013
0.009
0.013
0.013
0.016
0.008
0.013
0.025
0.013
0.021
0.016
0.022
0.01
0.017
0.014
0.013
0.012
0.014
0.021
0.016
0.01
0.017
0.018
0.027
0.011
0.019
0.017
0.009
0.01
0.011
0.014
0.017
0.012
0.022
0.018
0.015
0.014
0.004
0.013
0.014
0.014
0.011
0.013
0.009
0.023
0.016
0.01
0.008
0.004
0.016
0.021
0.015
0.012
0.018
0.011
0.011
0.014
0.015
0.012
0.014
0.015
0.009
0.019
0.021
0.016
0.011
0.015
0.012
0.023
0.009
0.007
0.009
0.012
0.014
0.018
0.01
0.014
0.014
0.01
0.011
0.01
0.011
0.009
0.009
0.015
0.011
0.013
0.014
0.016
0.005
0.014
0.011
0.007
0.01
0.012
0.013
0.006
0.004
0.014
0.008
0.008
0.013
0.011
0.01
0.011
0.008
0.013
0.009
0.013
0.011
0.019
0.006
0.009
0.01
0.004
0.01
0.011
0.013
0.007
0.019
0.02
0.012
0.012
0.006
0.009
0.012
0.014
0.01
0.014
0.008
0.015
0.013
0.009
0.004
0.012
0.01
0.012
0.01
0.009
0.013
0.011
0.019
0.01
0.011
0.005
0.011
0.012
0.01
0.009
0.01
0.009
0.01
0.011
0.013
0.011
0.009
0.014
0.005
0.011
0.015
0.012
0.01
0.011
0.011
0.011
0.008
0.007
0.01
0.009
0.008
0.005
0.014
0.01
0.011
0.009
0.012
0.009
0.013
0.01
0.013
0.011
0.002
0.008
0.007
0.015
0.013
0.009
0.009
0.01
0.011
0.007
0.012
0.01
0.011
0.006
0.005
0.011
0.005
0.011
0.014
0.009
0.016
0.008
0.008
0.007
0.006
0.009
0.011
0.011
0.008
0.011
0.005
0.009
0.011
0.011
0.01
0.015
0.011
0.006
0.012
0.005
0.01
0.006
0.005
0.005
0.011
0.005
0.005
0.011
0.006
0.006
0.013
0.01
0.011
0.008
0.009
0.009
0.008
0.009
0.007
0.009
0.01
0.008
0.008
0.007
0.012
0.008
0.009
0.006
0.012
0.007
0.014
0.006
0.008
0.008
0.008
0.009
0.012
0.008
0.01
0.01
0.011
0.008
0.006
0.007
0.008
0.005
0.015
0.011
0.008
0.012
0.006
0.008
0.011
0.009
0.009
0.009
0.01
0.006
0.009
0.011
0.008
0.007
0.01
0.009
0.007
0.016
0.012
0.011
0.01
0.004
0.01
0.007
0.009
0.008
0.007
0.013
0.013
0.008
0.011
0.01
0.004
0.012
0.003
0.008
0.009
0.007
0.013
0.008
0.013
0.008
0.008
0.004
0.01
0.008
0.011
0.004
0.003
0.002
0.007
0.007
0.003
0.005
0.007
0.008
0.003
0.007
0.007
0.002
0.004
0.009
0.002
0.007
0.004
0.011
0.006
0.004
0.008
0.008
0.006
0.006
0.008
0.009
0.009
0.002
0.005
0.007
0.004
0.004
0.006
0.005
0.006
0.009
0.004
0.001
0.01
0.008
0.005
0.008
0.006
0.006
0.004
0.007
0.003
0.003
0.008
0.009
0.004
0.007
0.005
0.01
0.008
0.004
0.004
0.001
0.009
0.01
0.004
0.005
0.007
0.007
0.005
0.009
0.009
0.005
0.002
0.005
0.003
0.005
0.004
0.009
0.003
0.006
0.003
0.008
0.011
0.005
0.006
0.005
0.002
0.005
0.005
0.006
0.007
0.005
0.009
0.004
0.005
0.007
0.011
0.008
0.007
0.005
0.006
0.007
0.01
0.006
0.006
0.005
0.012
0.003
0.011
0.005
0.005
0.005
0.013
0.006
0.005
0.007
0.005
0.008
0.009
0.005
0.002
0.005
0.008
0.007
0.007
0.002
0.01
0.007
0.008
0.007
0.008
0.004
0.006
0.005
0.006
0.007
0.01
0.009
0.006
0.004
0.004
0.005
0.007
0.012
0.006
0.01
0.006
0.007
0.012
0.008
0.008
0.007
0.005
0.006
0.007
0.007
0.013
0.003
0.004
0.004
0.012
0.008
0.008
0.006
0.006
0.008
0.01
0.009
0.013
0.01
0.008
0.005
0.007
0.01
0.009
0.012
0.01
0.014
0.006
0.011
0.009
0.009
0.007
0.008
0.006
0.016
0.008
0.01
0.007
0.011
0.015
0.008
0.009
0.013
0.007
0.011
0.013
0.011
0.012
0.011
0.007
0.005
0.009
0.019
0.008
0.015
0.016
0.01
0.01
0.009
0.013
0.022
0.01
0.008
0.013
0.012
0.01
0.006
0.014
0.011
0.007
0.01
0.014
0.013
0.007
0.005
0.012
0.011
0.008
0.006
0.014
0.012
0.006
0.012
0.012
0.006
0.011
0.006
0.007
0.009
0.004
0.008
0.011
0.006
0.007
0.006
0.004
0.004
0.004
0.006
0.004
0.007
0.007
0.008
0.009
0.005
0.008
0.006
0.008
0.003
0.003
0.005
0.003
0.002
0.002
0.004
0.002
0.007
0.005
0.005
0.001
0.002
0.005
0.003
0.002
0.003
0.002
0.006
0.004
0.003
0.003
0.004
0.003
0.003
0.003
0.001
0.006
0.002
0.008
0.001
0.001
0
0.004
0.002
0.002
0.003
0.005
0.001
0.008
0.003
0.003
0.002
0.003
0.004
0.004
0.002
0
0.003
0.004
0.001
0.001
0.002
0.002
0.001
0.004
0.004
0.003
0.005
0.003
0.001
0.004
0
0
0.005
0.003
0.003
0.003
0
0.001
0.005
0.001
0
0.001
0.001
0.001
0.004
0.002
0.002
0
0.001
0.001
0.004
0.001
0.006
0.001
0
0.006
0.003
0.002
0
0.001
0.005
0.002
0.001
0.003
0.002
0.004
0.002
0.005
0.001
0.001
0.002
0.002
0.001
0.001
0
0.001
0.003
0.002
0.001
0.003
0.004
0.002
0.001
0.004
0
0.001
0
0.002
0.001
0
0.001
0.002
0.003
0.002
0.002
0.003
0.003
0.002
0.004
0.001
0.001
0.003
0.003
0.005
0.004
0.001
0.002
0.001
0
0.004
0.003
0.002
0.004
0.004
0.003
0.003
0.005
0.001
0.001
0.004
0.002
0.003
0
0.003
0.001
0.002
0.002
0
0.001
0.002
0.001
0.001
0.001
0.003
0.004
0.004
0.003
0.002
0
0.002
0
0.004
0.003
0.004
0.002
0.002
0.001
0.002
0.003
0.005
0.004
0.003
0.002
0
0
0.003
0
0.003
0.003
0.003
0.001
0.003
0.001
0.002
0.001
0.002
0.002
0
0.001
0.001
0.001
0.001
0.001
0.002
0.003
0.001
0
0.004
0.003
0.002
0.001
0
0.004
0.003
0.001
0.003
0.003
0.001
0.002
0
0.001
0.003
0.004
0.002
0.001
0
0
0
0
0.002
0
0.002
0.002
0.001
0.001
0.002
0.002
0.002
0.002
0
0.003
0.001
0.002
0.003
0
0.001
0
0.001
0.001
0.002
0.001
0.002
0.002
0.002
0.002
0
0.002
0.001
0.002
0
0
0.001
0
0
0.003
0.002
0.001
0.002
0
0
0.002
0.001
0.001
0.002
0.001
0.001
0.001
0.001
0.001
0
0
0.001
0.001
0.001
0.001
0.001
0
0
0.001
0.002
0.002
0.002
0
0
0
0
0.001
0.001
0.001
0.001
0.001
0
0.001
0
0
0.002
0.003
0.003
0.003
0.001
0.001
0.002
0.001
0.002
0
0
0
0.001
0.001
0.002
0.003
0
0
0.003
0.001
0.003
0.001
0.001
0.001
0
0.001
0
0
0.001
0
0.001
0
0.004
0.001
0.001
0
0
0.001
0.003
0
0.001
0.001
0.003
0.001
0.001
0
0.002
0.001
0
0.002
0
0
0.001
0
0
0.001
0.001
0.001
0.002
0.001
0.002
0.001
0.001
0
0
0
0.002
0.002
0.001
0.003
0.002
0
0
0
0
0
0.001
0
0.001
0
0.002
0
0
0.001
0.003
0
0.003
0.002
0.002
0
0.003
0.001
0
0.002
0.005
0.001
0.001
0.001
0.002
0
0
0.001
0.002
0
0.001
0
0
0.002
0
0.002
0.001
0
0.002
0.001
0.001
0
0.002
0.002
0.002
0.003
0.001
0
0.002
0.002
0.002
0.002
0.004
0
0.002
0
0
0.002
0.002
0.004
0.002
0.001
0.001
0.003
0.001
0.002
0.002
0.001
0
0.002
0.001
0
0.003
0.001
0.002
0
0
0.001
0.001
0.003
0
0.001
0.004
0.001
0.002
0
0.001
0.002
0.001
0
0.001
0
0
0.001
0
0.001
0.003
0
0
0.002
0
0.001
0
0.001
0.001
0
0.001
0.002
0.001
0.001
0.002
0.002
0.001
0.001
0
0.001
0.002
0.001
0.001
0
0.002
0.001
0
0.002
0.002
0.001
0.001
0.001
0.003
0
0.001
0.001
0.001
0.001
0.001
0.002
0.001
0.001
0.001
0
0
0.002
0.001
0
0.001
0.001
0
0.001
0.001
0
0
0.002
0.001
0
0.001
0.001
0.001
0.001
0.002
0.001
0
0
0
0
0.002
0
0.001
0.001
0
0.002
0
0.002
0.002
0.001
0
0
0.001
0
0
0
0
0.001
0
0
0
0.002
0.001
0
0.001
0
0.003
0
0.001
0
0.001
0.002
0.001
0
0
0
0
0
0
0
0
0.001
0.003
0.001
0.001
0
0
0.001
0
0
0
0.001
0.001
0.002
0.001
0
0
0
0.001
0
0
0
0.001
0.002
0
0
0.001
0.003
0.001
0.001
0
0
0
0.001
0
0
0.002
0
0
0.001
0
0.001
0.001
0
0.001
0
0
0
0
0
0
0.001
0
0
0
0
0.002
0
0.001
0.001
0
0
0
0
0.003
0
0
0.002
0
0.001
0.001
0
0.001
0
0.001
0
0
0
0.001
0.002
0
0.002
0
0.001
0
0.002
0
0
0
0.001
0.003
0
0
0
0
0
0
0.003
0.001
0
0
0
0.002
0
0.001
0
0.002
0
0
0.002
0.001
0.001
0
0
0.003
0
0
0.001
0.001
0
0.001
0.001
0
0.001
0.002
0.001
0
0.001
0.001
0.001
0
0.001
0.001
0
0
0
0
0.001
0.001
0
0
0.001
0
0.002
0.001
0
0.002
0
0.001
0
0
0
0.001
0
0
0.002
0.001
0.001
0
0
0
0
0
0.001
0.002
0.001
0
0
0.001
0
0
0
0
0.001
0.002
0.001
0.001
0.001
0
0.001
0.001
0.002
0.001
0.001
0.002
0.001
0.001
0.002
0
0.001
0.001
0.001
0.001
0.001
0
0.001
0.001
0.001
0.001
0
0.002
0
0.001
0.002
0
0
0
0.002
0.001
0
0
0.001
0.001
0.001
0.001
0.003
0
0
0.001
0
0
0
0
0.004
0
0.001
0
0.001
0
0
0
0.001
0.002
0.001
0.001
0.001
0.001
0.001
0
0
0
0
0.001
0.004
0.001
0.001
0
0
0.001
0
0.001
0.002
0
0
0
0
0
0
0
0.001
0
0
0
0
0
0
0.001
0.001
0
0
0.002
0.001
0
0
0
0.001
0.002
0
0.001
0
0
0
0
0
0
0
0
0.001
0
0
0
0
0
0
0
0
0
0.001
0
0
0.001
0
0.001
0
0
0.001
0
0
0.001
0.001
0
0.001
0.001
0
0.001
0
0
0
0
0
0
0
0.001
0
0
0
0
0
0
0
0.001
0
0
0
0
0
0
0.002
0
0
0
0
